original val brk: 0x10e186000
76
35
59
74
22
88
26
95
14
93
45
63
79
48
55
17
10
54
11
27
13
34
70
52
2
92
90
98
38
87
29
86
78
33
71
39
8
80
58
28
36
50
25
77
56
64
30
46
0
61
40
16
62
83
4
57
94
18
84
81
3
53
96
32
31
49
42
67
47
5
23
82
72
7
68
19
66
69
99
15
1
20
9
41
37
60
85
24
73
97
6
51
21
91
12
89
43
44
65
75
brk after  test1: 0x10e186000
1
2
4
5
7
7
9
10
10
12
13
14
14
14
15
17
17
17
18
18
18
19
20
20
23
23
24
26
27
29
30
30
30
34
35
36
37
38
39
41
42
43
45
46
46
47
47
47
48
49
50
51
55
56
56
57
57
58
61
62
64
65
67
68
68
68
71
72
72
77
78
78
78
79
80
80
80
80
81
82
82
83
86
87
88
90
91
92
92
93
94
94
95
97
97
98
98
99
99
100
brk after  test2: 0x10e186000
